//        addi R1,R0,9
00001001 00000000 00000001 00100000
//        addi R2,R0,0
00000000 00000000 00000010 00100000
//        lw   R3,1000(R2)
11101000 00000011 01000011 10001100
//        add  R4,R0,R3
00100000 00100000 00000011 00000000
//        slt  R5,R4,R3
00101010 00101000 10000011 00000000
// LOOP1: bne  R5,R0  LOOP2
00000001 00000000 10100000 00010100
//        add  R3,R0,R4
00100000 00011000 00000100 00000000
//        beq  R0,R1  END
00000100 00000000 00000001 00010000
// LOOP2: addi R1,R1,-1
11111111 11111111 00100001 00100000
//        addi R2,R2,+4
00000100 00000000 01000010 00100000
//        lw,  R4,1000(R2)
11101000 00000011 01000100 10001100
//        j LOOP1
00000100 00000000 00000000 00001000
// END:   sw   R3,2000(R0)
11010000 00000111 00000011 10101100
//        j END
00001101 00000000 00000000 00001000
// 
00000000 00000000 00000000 00000000
// 
00000000 00000000 00000000 00000000
// 
00000000 00000000 00000000 00000000
// 
00000000 00000000 00000000 00000000
// 
00000000 00000000 00000000 00000000
// 
00000000 00000000 00000000 00000000


// 00000001 00000000 00000001 00100000
// 00000010 00000000 00000010 00100000
// 00000011 00000000 00000011 00100000
// 00000100 00000000 00000100 00100000
// 00000101 00000000 00000101 00100000
// 00000110 00000000 00000110 00100000
// 00000111 00000000 00000111 00100000
// 00001000 00000000 00001000 00100000
// 00001001 00000000 00001001 00100000
// 00001010 00000000 00001010 00100000
// 00001011 00000000 00001011 00100000
// 00001100 00000000 00001100 00100000
// 00001101 00000000 00001101 00100000
// 00001110 00000000 00001110 00100000
// 00001111 00000000 00001111 00100000
// 00010000 00000000 00010000 00100000
// 00000000 00000000 00000000 00000000
// 00000000 00000000 00000000 00000000
// 00000000 00000000 00000000 00000000
// 00000000 00000000 00000000 00000000
// 00000000 00000000 00000000 00000000
// 00000000 00000000 00000000 00000000

// 11101000 00000011 00000010 10001100
// 00000001 00000000 00000001 00100000
// 00100000 00100000 00100001 00000000
// 00100000 00011000 01000010 00000000
// 00100000 00101000 01000011 00000000
// 00100000 00110000 00100100 00000000
// 00100000 00111000 01000110 00000000
// 00100000 01000000 00100101 00000000
// 00000000 00000000 00000000 00000000
// 00000000 00000000 00000000 00000000
// 00000000 00000000 00000000 00000000
// 00000000 00000000 00000000 00000000
// 00000000 00000000 00000000 00000000
// 00000000 00000000 00000000 00000000
// 00000000 00000000 00000000 00000000
// 00000000 00000000 00000000 00000000
// 00000000 00000000 00000000 00000000
// 00000000 00000000 00000000 00000000
// 00000000 00000000 00000000 00000000
// 00000000 00000000 00000000 00000000

// 00000101 00000000 00000001 00100000
// 00000011 00000000 00000010 00100000
// 00000010 00000000 00000001 00010000
// 11111111 11111111 00100001 00100000
// 00000010 00000000 00000000 00001000
// 00000111 00000000 00000011 00100000
// 00000000 00000000 00000000 00000000
// 00000000 00000000 00000000 00000000
// 00000000 00000000 00000000 00000000
// 00000000 00000000 00000000 00000000
// 00000000 00000000 00000000 00000000
// 00000000 00000000 00000000 00000000
// 00000000 00000000 00000000 00000000
// 00000000 00000000 00000000 00000000
// 00000000 00000000 00000000 00000000
// 00000000 00000000 00000000 00000000
// 00000000 00000000 00000000 00000000
// 00000000 00000000 00000000 00000000

// 00000101 00000000 00000001 00100000
// 00000011 00000000 00000010 00100000
// 11111111 11111111 00100001 00100000
// 11111110 11111111 00100000 00010100
// 00000101 00000000 00000001 00100000
// 00000100 00000000 00000011 00100000
// 00000000 00000000 00000000 00000000
// 00000000 00000000 00000000 00000000
// 00000000 00000000 00000000 00000000
// 00000000 00000000 00000000 00000000
// 00000000 00000000 00000000 00000000
// 00000000 00000000 00000000 00000000
// 00000000 00000000 00000000 00000000
// 00000000 00000000 00000000 00000000
// 00000000 00000000 00000000 00000000
// 00000000 00000000 00000000 00000000
// 00000000 00000000 00000000 00000000
// 00000000 00000000 00000000 00000000

// 11101000 00000011 00000010 10001100
// 11101100 00000011 00000001 10001100
// 00100000 00100000 00100001 00000000
// 00100000 00011000 01000010 00000000
// 00100000 00101000 01000011 00000000
// 00100000 00110000 00100100 00000000
// 00100000 00111000 01000110 00000000
// 00100000 01000000 00100101 00000000
// 00000000 00000000 00000000 00000000
// 00000000 00000000 00000000 00000000
// 00000000 00000000 00000000 00000000
// 00000000 00000000 00000000 00000000
// 00000000 00000000 00000000 00000000
// 00000000 00000000 00000000 00000000
// 00000000 00000000 00000000 00000000
// 00000000 00000000 00000000 00000000
// 00000000 00000000 00000000 00000000
// 00000000 00000000 00000000 00000000
// 00000000 00000000 00000000 00000000
// 00000000 00000000 00000000 00000000

// 00000101 00000000 00000001 00100000
// 00100000 00010000 00100000 00000000
// 00100000 00011000 01000000 00000000
// 00100000 00100000 01100000 00000000
// 00000000 00000000 00000000 00000000
// 00000000 00000000 00000000 00000000
// 00000000 00000000 00000000 00000000
// 00000000 00000000 00000000 00000000
// 00000000 00000000 00000000 00000000
// 00000000 00000000 00000000 00000000
// 00000000 00000000 00000000 00000000
// 00000000 00000000 00000000 00000000
// 00000000 00000000 00000000 00000000
// 00000000 00000000 00000000 00000000
// 00000000 00000000 00000000 00000000
// 00000000 00000000 00000000 00000000
// 00000000 00000000 00000000 00000000
// 00000000 00000000 00000000 00000000
// 00000000 00000000 00000000 00000000
// 00000000 00000000 00000000 00000000